1.3

1.3

Change takes effect
Pre-change
Post-change

1.2
1.1

1.2
1.1

q

1.0
0.9

0.9
0.8

0.7

0.7
2

4

k

6

8

0

2

4

k

6

8

1.25

4.0

1.20

t

3.5

kt

1.0

0.8

0

Change takes effect
Pre-change
Post-change

1.15

3.0

1.10

2.5

1.05
1.00

0.625
0.600
0.575
0.550
0.525
0.500
0.475
0.450
0.425

2.5

5.0

7.5

10.0

t

12.5

15.0

17.5

0.0

2.5

5.0

7.5

10.0

t

12.5

15.0

17.5

0.0

2.5

5.0

7.5

10.0

12.5

15.0

17.5

1.25
1.20

qt

it

0.0

1.15
1.10
1.05
1.00

0.0

2.5

5.0

7.5

10.0

t

12.5

15.0

17.5

t

