1.1

0.9

1.0

0.8

0.9

q

1.0

0.7

0.8

Change takes effect
Pre-change
Post-change

0.6
0

2

0.7

4

6

k

6.00

8

10

12

0

5.75

k

8

10

12

t

kt

6

0.84

5.00
4.75

0.82

4.50
0.0

2.5

5.0

7.5

10.0

t

12.5

15.0

0.80

17.5

0.0

2.5

5.0

7.5

10.0

t

12.5

15.0

17.5

0.0

2.5

5.0

7.5

10.0

12.5

15.0

17.5

1.12
1.10
1.08

qt

it

4

0.86

5.25

0.800
0.775
0.750
0.725
0.700
0.675
0.650
0.625
0.600

2

0.88

5.50

4.25

Change takes effect
Pre-change
Post-change

1.06
1.04
1.02

0.0

2.5

5.0

7.5

10.0

t

12.5

15.0

17.5

1.00

t

