Change takes effect
Pre-change
Post-change

1.1

1.0

0.9

0.9

q

1.0

0.8

0.8

0.7

0.7
0

2

4

6

k

8

10

Change takes effect
Pre-change
Post-change

1.1

12

0

2

4

6

0.0

2.5

5.0

7.5

10.0

0.0

2.5

5.0

7.5

1.14

10

12

t

12.5

15.0

17.5

10.0

12.5

15.0

17.5

k

8

1.12

6.0
5.5

t

kt

1.10
1.06

5.0

1.04
1.02

4.5
0.0

2.5

5.0

7.5

10.0

t

12.5

15.0

1.00

17.5

1.14

0.85

1.12
1.10

0.80
0.75

qt

it

1.08

1.08
1.06
1.04

0.70

1.02

0.65
0.0

2.5

5.0

7.5

10.0

t

12.5

15.0

17.5

1.00

t

